,X,Y,Z
0,39.565,1.565,204.13
1,39.565,1.663,204.13
2,39.565,1.761,204.13
3,39.565,1.858,204.13
4,39.565,1.956,204.13
5,39.565,2.054,204.13
6,39.565,2.152,204.13
7,39.565,2.25,204.13
8,39.565,2.347,204.13
9,39.565,2.445,204.13
10,39.565,2.543,204.13
11,39.565,2.641,204.13
12,39.565,2.739,204.13
13,39.565,2.837,204.13
14,39.565,2.934,204.13
15,39.565,3.032,204.13
16,39.565,3.228,204.13
17,39.665,3.624,204.397
18,39.665,3.82,204.397
19,39.665,3.918,204.397
20,39.665,4.015,204.397
21,39.665,4.113,204.397
22,39.665,4.211,204.397
23,39.665,4.309,204.397
24,39.665,4.407,204.397
25,39.665,4.505,204.397
26,39.665,4.603,204.397
27,39.665,4.701,204.397
28,39.665,4.799,204.397
29,39.765,4.903,204.664
30,39.765,5.001,204.664
31,39.765,5.099,204.664
32,39.765,5.198,204.664
33,39.665,5.289,204.397
34,39.665,5.387,204.397
35,39.665,5.582,204.397
36,39.665,5.68,204.397
37,39.665,5.778,204.397
38,39.665,5.974,204.397
39,39.665,6.17,204.397
40,39.765,6.178,204.664
41,39.765,6.374,204.664
42,39.765,6.472,204.664
43,39.765,6.669,204.664
44,39.866,6.874,204.932
45,39.866,6.972,204.932
46,39.866,7.07,204.932
47,39.765,7.257,204.664
48,39.866,7.266,204.932
49,39.765,7.551,204.664
50,39.866,7.561,204.932
51,39.866,7.757,204.932
52,39.866,7.856,204.932
53,39.866,7.954,204.932
54,39.866,8.052,204.932
55,39.866,8.15,204.932
56,39.866,8.248,204.932
57,39.866,8.347,204.932
58,39.866,8.445,204.932
59,39.866,8.543,204.932
60,39.866,8.641,204.932
61,39.866,8.838,204.932
62,39.866,9.034,204.932
63,39.966,9.242,205.201
64,39.966,9.341,205.201
65,39.966,9.439,205.201
66,39.966,9.537,205.201
67,39.966,9.636,205.201
68,39.966,9.734,205.201
69,39.966,9.832,205.201
70,39.966,9.931,205.201
71,39.966,10.029,205.201
72,39.966,10.127,205.201
73,39.966,10.226,205.201
74,39.966,10.324,205.201
75,39.966,10.422,205.201
76,39.966,10.521,205.201
77,39.966,10.619,205.201
78,39.966,10.717,205.201
79,39.966,10.816,205.201
80,39.966,10.914,205.201
81,39.966,11.012,205.201
82,39.966,11.111,205.201
83,39.966,11.504,205.201
84,40.068,11.716,205.47
85,40.068,11.814,205.47
86,40.068,11.913,205.47
87,40.068,12.011,205.47
88,40.068,12.11,205.47
89,40.068,12.208,205.47
90,40.068,12.307,205.47
91,40.068,12.405,205.47
92,40.068,12.503,205.47
93,40.068,12.602,205.47
94,40.068,12.996,205.47
95,40.169,13.013,205.74
96,40.169,13.21,205.74
97,40.169,13.309,205.74
98,40.169,13.407,205.74
99,40.169,13.506,205.74
100,40.169,13.604,205.74
101,40.169,13.703,205.74
102,40.169,13.801,205.74
103,40.169,13.9,205.74
104,40.169,13.999,205.74
105,40.169,14.097,205.74
106,40.169,14.196,205.74
107,40.169,14.294,205.74
108,40.169,14.393,205.74
109,40.169,14.492,205.74
110,40.169,14.59,205.74
111,40.169,14.689,205.74
112,40.169,14.787,205.74
113,40.169,14.886,205.74
114,40.169,14.984,205.74
115,40.27,15.103,206.011
116,40.27,15.3,206.011
117,40.27,15.399,206.011
118,40.27,15.596,206.011
119,40.27,15.695,206.011
120,40.27,15.794,206.011
121,40.27,15.893,206.011
122,40.27,15.991,206.011
123,40.27,16.09,206.011
124,40.27,16.189,206.011
125,40.27,16.287,206.011
126,40.27,16.386,206.011
127,40.27,16.485,206.011
128,40.27,16.584,206.011
129,40.27,16.682,206.011
130,40.27,16.781,206.011
131,40.27,16.88,206.011
132,40.27,16.978,206.011
133,40.27,17.077,206.011
134,40.27,17.176,206.011
135,40.27,17.275,206.011
136,40.27,17.373,206.011
137,40.372,17.396,206.283
138,40.372,17.495,206.283
139,40.372,17.594,206.283
140,40.372,17.693,206.283
141,40.372,17.791,206.283
142,40.372,17.89,206.283
143,40.372,17.989,206.283
144,40.372,18.088,206.283
145,40.372,18.187,206.283
146,40.372,18.286,206.283
147,40.372,18.385,206.283
148,40.372,18.483,206.283
149,40.372,18.582,206.283
150,40.372,18.681,206.283
151,40.372,18.78,206.283
152,40.372,18.879,206.283
153,40.372,18.978,206.283
154,40.372,19.076,206.283
155,40.372,19.274,206.283
156,40.372,19.373,206.283
157,40.372,19.571,206.283
158,40.474,19.695,206.555
159,40.474,19.794,206.555
160,40.474,19.893,206.555
161,40.474,19.992,206.555
162,40.474,20.091,206.555
163,40.474,20.19,206.555
164,40.474,20.289,206.555
165,40.474,20.388,206.555
166,40.474,20.487,206.555
167,40.474,20.685,206.555
168,40.474,20.784,206.555
169,40.372,20.856,206.283
170,40.372,21.053,206.283
171,40.372,21.251,206.283
172,40.372,21.35,206.283
173,40.372,21.449,206.283
174,40.372,21.547,206.283
175,40.372,21.646,206.283
176,40.372,21.745,206.283
177,40.372,21.844,206.283
178,40.372,21.943,206.283
179,40.372,22.042,206.283
180,40.372,22.239,206.283
181,40.474,22.368,206.555
182,40.474,22.566,206.555
183,40.474,22.764,206.555
184,40.474,22.863,206.555
185,40.474,22.962,206.555
186,40.577,23.091,206.828
187,40.577,23.19,206.828
188,40.577,23.289,206.828
189,40.577,23.388,206.828
190,40.577,23.487,206.828
191,40.577,23.686,206.828
192,40.577,23.785,206.828
193,40.577,23.884,206.828
194,40.679,24.213,207.101
195,40.679,24.511,207.101
196,40.679,24.61,207.101
197,40.679,24.809,207.101
198,40.679,24.908,207.101
199,40.679,25.106,207.101
200,40.679,25.205,207.101
201,40.782,25.239,207.376
202,40.782,25.438,207.376
203,40.782,25.537,207.376
204,40.782,25.636,207.376
205,40.782,25.736,207.376
206,40.782,25.835,207.376
207,40.782,25.934,207.376
208,40.782,26.034,207.376
209,40.782,26.133,207.376
210,40.782,26.232,207.376
211,40.782,26.332,207.376
212,40.782,26.431,207.376
213,40.782,26.531,207.376
214,40.782,26.63,207.376
215,40.782,26.729,207.376
216,40.782,26.829,207.376
217,40.782,26.928,207.376
218,40.782,27.027,207.376
219,40.782,27.226,207.376
220,40.782,27.425,207.376
221,40.679,27.587,207.101
222,40.679,27.686,207.101
223,40.679,27.786,207.101
224,40.679,27.984,207.101
225,40.679,28.083,207.101
226,40.679,28.282,207.101
227,40.679,28.381,207.101
228,40.782,28.419,207.376
229,40.782,28.617,207.376
230,40.782,28.717,207.376
231,40.782,29.114,207.376
232,40.885,29.352,207.651
233,40.885,29.451,207.651
234,40.989,29.49,207.927
235,40.989,29.69,207.927
236,40.885,29.849,207.651
237,40.885,29.949,207.651
238,40.885,30.048,207.651
239,40.885,30.247,207.651
240,40.885,30.347,207.651
241,40.885,30.446,207.651
242,40.885,30.546,207.651
243,40.885,30.645,207.651
244,40.885,30.745,207.651
245,40.885,30.844,207.651
246,40.885,30.944,207.651
247,40.885,31.043,207.651
248,40.885,31.441,207.651
249,40.989,31.483,207.927
250,40.989,31.682,207.927
251,40.989,31.782,207.927
252,40.989,31.881,207.927
253,40.989,31.981,207.927
254,40.989,32.081,207.927
255,40.989,32.18,207.927
256,40.989,32.28,207.927
257,40.989,32.38,207.927
258,40.989,32.479,207.927
259,40.989,32.579,207.927
260,40.989,32.678,207.927
261,40.989,32.778,207.927
262,40.989,32.878,207.927
263,40.989,32.977,207.927
264,40.989,33.077,207.927
265,40.989,33.177,207.927
266,40.989,33.276,207.927
267,40.989,33.376,207.927
268,40.989,33.476,207.927
269,40.989,33.575,207.927
270,40.989,33.675,207.927
271,40.989,33.874,207.927
272,40.989,34.073,207.927
273,40.989,34.173,207.927
274,41.093,34.218,208.203
275,41.093,34.318,208.203
276,41.093,34.418,208.203
277,41.093,34.518,208.203
278,41.093,34.617,208.203
279,41.093,34.717,208.203
280,41.093,34.817,208.203
281,41.093,34.917,208.203
282,41.093,35.016,208.203
283,41.093,35.116,208.203
284,41.093,35.316,208.203
285,41.197,35.363,208.481
286,41.197,35.463,208.481
287,41.197,35.662,208.481
288,41.197,35.762,208.481
289,41.197,35.862,208.481
290,41.197,35.962,208.481
291,41.197,36.062,208.481
292,41.197,36.162,208.481
293,41.197,36.262,208.481
294,41.197,36.362,208.481
295,41.197,36.462,208.481
296,41.197,36.562,208.481
297,41.197,36.661,208.481
298,41.197,36.761,208.481
299,41.197,36.861,208.481
300,41.197,37.061,208.481
301,41.197,37.161,208.481
302,41.197,37.361,208.481
303,41.301,37.511,208.759
304,41.301,37.611,208.759
305,41.301,37.711,208.759
306,41.301,37.811,208.759
307,41.301,37.911,208.759
308,41.301,38.011,208.759
309,41.301,38.111,208.759
310,41.301,38.211,208.759
311,41.301,38.311,208.759
312,41.301,38.411,208.759
313,41.301,38.511,208.759
314,41.301,38.611,208.759
315,41.301,38.711,208.759
316,41.301,38.811,208.759
317,41.301,38.911,208.759
318,41.301,39.011,208.759
319,41.301,39.111,208.759
320,41.301,39.211,208.759
321,41.301,39.311,208.759
322,41.301,39.411,208.759
