,X,Y,Z
0,5.765,1.569,204.664
1,5.765,1.667,204.664
2,5.765,1.765,204.664
3,5.765,1.863,204.664
4,5.765,1.961,204.664
5,5.765,2.059,204.664
6,5.765,2.157,204.664
7,5.765,2.256,204.664
8,5.765,2.354,204.664
9,5.866,2.455,204.932
10,5.866,2.651,204.932
11,5.866,2.848,204.932
12,5.866,2.946,204.932
13,5.866,3.044,204.932
14,5.866,3.142,204.932
15,5.866,3.24,204.932
16,5.866,3.339,204.932
17,5.866,3.437,204.932
18,5.866,3.535,204.932
19,5.866,3.633,204.932
20,5.866,3.731,204.932
21,5.866,3.83,204.932
22,5.866,3.928,204.932
23,5.866,4.026,204.932
24,5.866,4.124,204.932
25,5.866,4.222,204.932
26,5.866,4.321,204.932
27,5.866,4.419,204.932
28,5.866,4.517,204.932
29,5.866,4.615,204.932
30,5.866,4.713,204.932
31,5.966,4.72,205.201
32,5.966,4.818,205.201
33,5.966,4.916,205.201
34,5.966,5.014,205.201
35,5.966,5.113,205.201
36,5.966,5.211,205.201
37,5.966,5.408,205.201
38,5.966,5.506,205.201
39,5.966,5.604,205.201
40,6.068,5.809,205.47
41,6.068,6.006,205.47
42,6.068,6.104,205.47
43,6.068,6.301,205.47
44,6.068,6.399,205.47
45,6.068,6.498,205.47
46,6.068,6.596,205.47
47,6.068,6.695,205.47
48,6.068,6.793,205.47
49,6.068,6.892,205.47
50,6.068,6.99,205.47
51,6.068,7.089,205.47
52,6.068,7.187,205.47
53,6.068,7.285,205.47
54,6.068,7.384,205.47
55,6.068,7.482,205.47
56,6.068,7.581,205.47
57,6.068,7.679,205.47
58,6.068,7.778,205.47
59,6.068,7.876,205.47
60,6.068,8.27,205.47
61,6.169,8.281,205.74
62,6.169,8.478,205.74
63,6.169,8.577,205.74
64,6.169,8.675,205.74
65,6.169,8.774,205.74
66,6.169,8.872,205.74
67,6.169,8.971,205.74
68,6.169,9.07,205.74
69,6.169,9.168,205.74
70,6.169,9.267,205.74
71,6.169,9.365,205.74
72,6.169,9.464,205.74
73,6.169,9.562,205.74
74,6.169,9.661,205.74
75,6.169,9.76,205.74
76,6.169,9.858,205.74
77,6.169,9.957,205.74
78,6.169,10.055,205.74
79,6.169,10.154,205.74
80,6.169,10.253,205.74
81,6.169,10.351,205.74
82,6.169,10.45,205.74
83,6.169,10.647,205.74
84,6.169,10.844,205.74
85,6.169,10.943,205.74
86,6.27,10.957,206.011
87,6.27,11.056,206.011
88,6.27,11.154,206.011
89,6.27,11.253,206.011
90,6.27,11.352,206.011
91,6.27,11.451,206.011
92,6.27,11.549,206.011
93,6.27,11.648,206.011
94,6.27,11.747,206.011
95,6.27,11.845,206.011
96,6.27,11.944,206.011
97,6.372,12.059,206.283
98,6.372,12.158,206.283
99,6.372,12.256,206.283
100,6.372,12.454,206.283
101,6.372,12.553,206.283
102,6.372,12.652,206.283
103,6.372,12.751,206.283
104,6.372,12.849,206.283
105,6.372,12.948,206.283
106,6.372,13.047,206.283
107,6.372,13.146,206.283
108,6.372,13.245,206.283
109,6.372,13.344,206.283
110,6.372,13.442,206.283
111,6.372,13.541,206.283
112,6.372,13.64,206.283
113,6.372,13.739,206.283
114,6.372,13.838,206.283
115,6.372,13.937,206.283
116,6.372,14.036,206.283
117,6.372,14.134,206.283
118,6.372,14.332,206.283
119,6.474,14.45,206.555
120,6.474,14.648,206.555
121,6.474,14.846,206.555
122,6.474,14.945,206.555
123,6.474,15.044,206.555
124,6.474,15.143,206.555
125,6.474,15.242,206.555
126,6.474,15.341,206.555
127,6.474,15.44,206.555
128,6.474,15.539,206.555
129,6.474,15.638,206.555
130,6.474,15.737,206.555
131,6.474,15.836,206.555
132,6.474,16.033,206.555
133,6.474,16.231,206.555
134,6.474,16.33,206.555
135,6.474,16.429,206.555
136,6.577,16.451,206.828
137,6.577,16.649,206.828
138,6.577,16.748,206.828
139,6.577,16.847,206.828
140,6.577,16.947,206.828
141,6.577,17.046,206.828
142,6.577,17.145,206.828
143,6.577,17.244,206.828
144,6.577,17.343,206.828
145,6.577,17.442,206.828
146,6.577,17.541,206.828
147,6.577,17.64,206.828
148,6.577,17.739,206.828
149,6.577,17.839,206.828
150,6.577,17.938,206.828
151,6.577,18.037,206.828
152,6.577,18.136,206.828
153,6.577,18.235,206.828
154,6.577,18.334,206.828
155,6.577,18.433,206.828
156,6.577,18.532,206.828
157,6.577,18.631,206.828
158,6.577,18.73,206.828
159,6.577,18.83,206.828
160,6.577,18.929,206.828
161,6.577,19.028,206.828
162,6.577,19.127,206.828
163,6.679,19.45,207.101
164,6.679,19.748,207.101
165,6.679,19.847,207.101
166,6.679,20.045,207.101
167,6.679,20.145,207.101
168,6.679,20.343,207.101
169,6.679,20.442,207.101
170,6.782,20.469,207.376
171,6.782,20.668,207.376
172,6.782,20.767,207.376
173,6.782,20.867,207.376
174,6.782,20.966,207.376
175,6.782,21.065,207.376
176,6.782,21.165,207.376
177,6.782,21.264,207.376
178,6.782,21.364,207.376
179,6.782,21.463,207.376
180,6.782,21.562,207.376
181,6.782,21.662,207.376
182,6.782,21.761,207.376
183,6.782,21.86,207.376
184,6.782,21.96,207.376
185,6.782,22.059,207.376
186,6.782,22.159,207.376
187,6.782,22.357,207.376
188,6.885,22.586,207.651
189,6.885,22.685,207.651
190,6.885,22.884,207.651
191,6.885,22.984,207.651
192,6.885,23.083,207.651
193,6.885,23.183,207.651
194,6.885,23.282,207.651
195,6.885,23.382,207.651
196,6.885,23.481,207.651
197,6.885,23.581,207.651
198,6.885,23.68,207.651
199,6.885,23.78,207.651
200,6.885,23.879,207.651
201,6.885,23.979,207.651
202,6.885,24.078,207.651
203,6.885,24.178,207.651
204,6.885,24.277,207.651
205,6.885,24.377,207.651
206,6.885,24.476,207.651
207,6.885,24.576,207.651
208,6.885,24.675,207.651
209,6.885,24.974,207.651
210,6.989,25.206,207.927
211,6.989,25.505,207.927
212,6.989,25.605,207.927
213,6.989,25.704,207.927
214,6.989,25.904,207.927
215,6.989,26.103,207.927
216,6.989,26.203,207.927
217,7.093,26.237,208.203
218,7.093,26.337,208.203
219,7.093,26.437,208.203
220,7.093,26.537,208.203
221,7.093,26.636,208.203
222,7.093,26.736,208.203
223,7.093,26.836,208.203
224,7.093,26.936,208.203
225,7.093,27.035,208.203
226,7.093,27.135,208.203
227,7.093,27.235,208.203
228,7.093,27.335,208.203
229,7.093,27.435,208.203
230,7.093,27.534,208.203
231,7.093,27.634,208.203
232,7.093,27.734,208.203
233,7.093,27.834,208.203
234,7.093,27.933,208.203
235,7.093,28.033,208.203
236,7.093,28.133,208.203
237,7.093,28.233,208.203
238,7.093,28.332,208.203
239,7.093,28.432,208.203
240,7.093,28.532,208.203
241,7.093,28.632,208.203
242,7.093,28.731,208.203
243,7.093,28.831,208.203
244,6.989,28.992,207.927
245,7.093,29.031,208.203
246,6.989,29.191,207.927
247,7.093,29.33,208.203
248,7.093,29.43,208.203
249,7.093,29.53,208.203
250,7.093,29.629,208.203
251,7.093,29.729,208.203
252,7.093,29.829,208.203
253,7.093,29.929,208.203
254,7.093,30.028,208.203
255,7.093,30.128,208.203
256,7.093,30.228,208.203
257,7.093,30.328,208.203
258,7.093,30.427,208.203
259,7.093,30.527,208.203
260,7.093,30.627,208.203
261,7.093,30.727,208.203
262,7.093,30.826,208.203
263,7.093,30.926,208.203
264,7.093,31.026,208.203
265,7.093,31.126,208.203
266,7.197,31.167,208.481
267,7.197,31.267,208.481
268,7.197,31.367,208.481
269,7.197,31.467,208.481
270,7.197,31.567,208.481
271,7.197,31.667,208.481
272,7.197,31.767,208.481
273,7.197,31.866,208.481
274,7.197,32.066,208.481
275,7.197,32.166,208.481
276,7.197,32.266,208.481
277,7.301,32.409,208.759
278,7.301,32.509,208.759
279,7.301,32.909,208.759
280,7.405,33.154,209.037
281,7.405,33.354,209.037
282,7.405,33.554,209.037
283,7.405,33.654,209.037
284,7.405,33.754,209.037
285,7.405,33.855,209.037
286,7.405,33.955,209.037
287,7.405,34.055,209.037
288,7.405,34.155,209.037
289,7.405,34.255,209.037
290,7.405,34.355,209.037
291,7.405,34.456,209.037
292,7.405,34.556,209.037
293,7.405,34.656,209.037
294,7.405,34.756,209.037
295,7.405,34.856,209.037
296,7.405,34.956,209.037
297,7.405,35.057,209.037
298,7.405,35.157,209.037
299,7.405,35.257,209.037
300,7.405,35.357,209.037
301,7.405,35.457,209.037
302,7.405,35.557,209.037
303,7.405,35.658,209.037
304,7.405,35.758,209.037
305,7.405,35.858,209.037
306,7.405,35.958,209.037
307,7.405,36.058,209.037
308,7.405,36.158,209.037
309,7.51,36.508,209.317
310,7.51,36.808,209.317
311,7.51,36.909,209.317
312,7.51,37.009,209.317
313,7.51,37.109,209.317
314,7.51,37.21,209.317
315,7.51,37.31,209.317
316,7.51,37.41,209.317
317,7.51,37.511,209.317
318,7.51,37.611,209.317
319,7.51,37.711,209.317
320,7.51,37.811,209.317
321,7.51,37.912,209.317
322,7.51,38.012,209.317
323,7.51,38.112,209.317
324,7.51,38.213,209.317
325,7.51,38.313,209.317
326,7.51,38.413,209.317
327,7.51,38.614,209.317
328,7.51,38.714,209.317
329,7.615,38.866,209.597
330,7.615,38.967,209.597
331,7.827,39.071,210.16
332,7.51,39.015,209.317
333,7.51,39.115,209.317
334,7.51,39.316,209.317
335,7.51,39.516,209.317
336,7.615,39.569,209.597
