,X,Y,Z
0,51.765,1.275,204.664
1,51.765,1.471,204.664
2,51.765,1.569,204.664
3,51.866,1.669,204.932
4,51.866,1.866,204.932
5,51.866,2.062,204.932
6,51.866,2.16,204.932
7,51.866,2.258,204.932
8,51.866,2.357,204.932
9,51.866,2.455,204.932
10,51.966,2.655,205.201
11,51.966,2.851,205.201
12,51.966,3.048,205.201
13,51.966,3.146,205.201
14,51.966,3.245,205.201
15,51.966,3.343,205.201
16,51.966,3.441,205.201
17,51.966,3.54,205.201
18,51.966,3.638,205.201
19,51.966,3.736,205.201
20,51.966,3.835,205.201
21,51.966,3.933,205.201
22,51.966,4.031,205.201
23,51.966,4.13,205.201
24,51.966,4.228,205.201
25,51.966,4.326,205.201
26,51.966,4.425,205.201
27,51.966,4.523,205.201
28,51.966,4.621,205.201
29,51.966,4.72,205.201
30,51.966,4.818,205.201
31,51.966,4.916,205.201
32,51.966,5.014,205.201
33,51.966,5.113,205.201
34,51.966,5.211,205.201
35,51.966,5.309,205.201
36,51.966,5.408,205.201
37,51.966,5.506,205.201
38,51.966,5.604,205.201
39,51.966,5.998,205.201
40,52.068,6.203,205.47
41,52.068,6.301,205.47
42,52.068,6.498,205.47
43,52.068,6.695,205.47
44,52.068,6.793,205.47
45,52.068,6.99,205.47
46,52.169,7.098,205.74
47,52.169,7.295,205.74
48,52.169,7.394,205.74
49,52.068,7.581,205.47
50,52.068,7.778,205.47
51,52.169,7.887,205.74
52,52.169,7.985,205.74
53,52.169,8.084,205.74
54,52.169,8.182,205.74
55,52.169,8.281,205.74
56,52.169,8.379,205.74
57,52.169,8.478,205.74
58,52.169,8.577,205.74
59,52.169,8.675,205.74
60,52.169,8.774,205.74
61,52.169,8.872,205.74
62,52.169,8.971,205.74
63,52.169,9.07,205.74
64,52.169,9.168,205.74
65,52.169,9.267,205.74
66,52.169,9.365,205.74
67,52.169,9.562,205.74
68,52.169,9.661,205.74
69,52.27,9.772,206.011
70,52.27,9.97,206.011
71,52.27,10.167,206.011
72,52.27,10.365,206.011
73,52.27,10.463,206.011
74,52.27,10.562,206.011
75,52.372,10.576,206.283
76,52.372,10.774,206.283
77,52.372,10.873,206.283
78,52.372,10.971,206.283
79,52.372,11.07,206.283
80,52.372,11.169,206.283
81,52.372,11.268,206.283
82,52.372,11.367,206.283
83,52.372,11.466,206.283
84,52.372,11.564,206.283
85,52.372,11.663,206.283
86,52.372,11.762,206.283
87,52.372,11.861,206.283
88,52.372,11.96,206.283
89,52.372,12.059,206.283
90,52.372,12.158,206.283
91,52.372,12.256,206.283
92,52.372,12.355,206.283
93,52.372,12.454,206.283
94,52.372,12.553,206.283
95,52.372,12.652,206.283
96,52.372,12.751,206.283
97,52.372,12.849,206.283
98,52.372,12.948,206.283
99,52.372,13.047,206.283
100,52.372,13.146,206.283
101,52.372,13.245,206.283
102,52.372,13.344,206.283
103,52.372,13.541,206.283
104,52.474,13.658,206.555
105,52.474,13.856,206.555
106,52.474,14.054,206.555
107,52.474,14.153,206.555
108,52.474,14.252,206.555
109,52.474,14.351,206.555
110,52.474,14.45,206.555
111,52.474,14.549,206.555
112,52.474,14.648,206.555
113,52.474,14.747,206.555
114,52.474,14.846,206.555
115,52.474,14.945,206.555
116,52.577,15.064,206.828
117,52.577,15.262,206.828
118,52.577,15.361,206.828
119,52.474,15.638,206.555
120,52.474,15.737,206.555
121,52.577,15.856,206.828
122,52.577,16.055,206.828
123,52.577,16.154,206.828
124,52.577,16.352,206.828
125,52.577,16.55,206.828
126,52.577,16.748,206.828
127,52.577,16.847,206.828
128,52.577,17.145,206.828
129,52.577,17.244,206.828
130,52.679,17.366,207.101
131,52.679,17.465,207.101
132,52.679,17.664,207.101
133,52.577,17.739,206.828
134,52.577,17.938,206.828
135,52.577,18.037,206.828
136,52.577,18.136,206.828
137,52.577,18.235,206.828
138,52.577,18.433,206.828
139,52.679,18.557,207.101
140,52.679,18.755,207.101
141,52.679,18.854,207.101
142,52.679,18.954,207.101
143,52.782,18.979,207.376
144,52.782,19.078,207.376
145,52.782,19.178,207.376
146,52.782,19.277,207.376
147,52.782,19.376,207.376
148,52.782,19.476,207.376
149,52.782,19.575,207.376
150,52.782,19.674,207.376
151,52.782,19.774,207.376
152,52.782,19.873,207.376
153,52.782,19.972,207.376
154,52.782,20.072,207.376
155,52.782,20.171,207.376
156,52.782,20.271,207.376
157,52.782,20.37,207.376
158,52.782,20.469,207.376
159,52.782,20.569,207.376
160,52.782,20.668,207.376
161,52.782,20.767,207.376
162,52.782,20.867,207.376
163,52.782,20.966,207.376
164,52.782,21.065,207.376
165,52.782,21.165,207.376
166,52.782,21.264,207.376
167,52.782,21.364,207.376
168,52.782,21.463,207.376
169,52.782,21.562,207.376
170,52.885,21.79,207.651
171,52.885,21.989,207.651
172,52.885,22.088,207.651
173,52.885,22.287,207.651
174,52.885,22.387,207.651
175,52.885,22.486,207.651
176,52.885,22.586,207.651
177,52.885,22.685,207.651
178,52.885,22.785,207.651
179,52.885,22.884,207.651
180,52.885,22.984,207.651
181,52.885,23.083,207.651
182,52.885,23.183,207.651
183,52.885,23.282,207.651
184,52.885,23.382,207.651
185,52.885,23.481,207.651
186,52.885,23.581,207.651
187,52.885,23.68,207.651
188,52.885,23.78,207.651
189,52.885,23.879,207.651
190,52.885,24.277,207.651
191,52.989,24.31,207.927
192,52.989,24.509,207.927
193,52.989,24.608,207.927
194,52.989,24.708,207.927
195,52.989,24.808,207.927
196,52.989,24.907,207.927
197,52.989,25.007,207.927
198,52.989,25.107,207.927
199,52.989,25.206,207.927
200,52.989,25.306,207.927
201,52.989,25.406,207.927
202,52.989,25.505,207.927
203,52.989,25.605,207.927
204,52.989,25.704,207.927
205,52.989,25.804,207.927
206,52.989,25.904,207.927
207,52.989,26.003,207.927
208,52.989,26.103,207.927
209,52.989,26.203,207.927
210,52.989,26.302,207.927
211,52.989,26.402,207.927
212,53.093,26.537,208.203
213,53.093,26.736,208.203
214,53.093,26.836,208.203
215,53.093,26.936,208.203
216,53.093,27.035,208.203
217,53.093,27.135,208.203
218,53.093,27.235,208.203
219,53.093,27.335,208.203
220,53.093,27.435,208.203
221,53.093,27.534,208.203
222,53.093,27.634,208.203
223,53.093,27.734,208.203
224,53.093,27.834,208.203
225,52.989,27.896,207.927
226,53.093,27.933,208.203
227,52.989,28.096,207.927
228,52.989,28.295,207.927
229,53.093,28.432,208.203
230,53.093,28.532,208.203
231,53.093,28.632,208.203
232,53.093,28.731,208.203
233,53.093,28.931,208.203
234,53.197,28.97,208.481
235,53.197,29.069,208.481
236,53.197,29.269,208.481
237,53.197,29.369,208.481
238,53.197,29.469,208.481
239,53.197,29.569,208.481
240,53.197,29.669,208.481
241,53.197,29.769,208.481
242,53.197,29.869,208.481
243,53.197,29.968,208.481
244,53.197,30.068,208.481
245,53.197,30.168,208.481
246,53.197,30.268,208.481
247,53.197,30.368,208.481
248,53.197,30.468,208.481
249,53.197,30.568,208.481
250,53.197,30.668,208.481
251,53.197,30.768,208.481
252,53.197,30.868,208.481
253,53.197,30.967,208.481
254,53.197,31.067,208.481
255,53.197,31.167,208.481
256,53.197,31.367,208.481
257,53.197,31.567,208.481
258,53.301,31.709,208.759
259,53.301,31.809,208.759
260,53.301,32.009,208.759
261,53.301,32.109,208.759
262,53.301,32.209,208.759
263,53.301,32.309,208.759
264,53.301,32.409,208.759
265,53.301,32.509,208.759
266,53.301,32.609,208.759
267,53.301,32.709,208.759
268,53.301,32.809,208.759
269,53.301,33.009,208.759
270,53.301,33.209,208.759
271,53.301,33.309,208.759
272,53.301,33.409,208.759
273,53.405,33.454,209.037
274,53.405,33.654,209.037
275,53.405,33.754,209.037
276,53.405,33.855,209.037
277,53.405,33.955,209.037
278,53.405,34.055,209.037
279,53.405,34.155,209.037
280,53.405,34.255,209.037
281,53.405,34.355,209.037
282,53.405,34.556,209.037
283,53.405,34.656,209.037
284,53.405,34.956,209.037
285,53.405,35.057,209.037
286,53.51,35.204,209.317
287,53.51,35.304,209.317
288,53.51,35.404,209.317
289,53.51,35.505,209.317
290,53.51,35.605,209.317
291,53.51,35.705,209.317
292,53.51,35.806,209.317
293,53.51,35.906,209.317
294,53.51,36.006,209.317
295,53.51,36.106,209.317
296,53.51,36.207,209.317
297,53.51,36.307,209.317
298,53.51,36.407,209.317
299,53.51,36.508,209.317
300,53.51,36.608,209.317
301,53.51,36.708,209.317
302,53.51,36.808,209.317
303,53.51,36.909,209.317
304,53.51,37.009,209.317
305,53.615,37.26,209.597
306,53.615,37.46,209.597
307,53.615,37.661,209.597
308,53.615,37.762,209.597
309,53.615,37.862,209.597
310,53.615,37.963,209.597
311,53.615,38.063,209.597
312,53.615,38.163,209.597
313,53.615,38.264,209.597
314,53.615,38.364,209.597
315,53.615,38.465,209.597
316,53.51,38.514,209.317
317,53.51,38.714,209.317
318,53.51,38.915,209.317
319,53.615,38.967,209.597
320,53.615,39.067,209.597
321,53.615,39.268,209.597
322,53.615,39.369,209.597
323,53.615,39.569,209.597
