,X,Y,Z
0,19.665,1.567,204.397
1,19.665,1.665,204.397
2,19.665,1.763,204.397
3,19.665,1.861,204.397
4,19.665,1.959,204.397
5,19.665,2.057,204.397
6,19.665,2.155,204.397
7,19.665,2.253,204.397
8,19.665,2.351,204.397
9,19.665,2.448,204.397
10,19.665,2.644,204.397
11,19.765,2.648,204.664
12,19.765,3.04,204.664
13,19.765,3.138,204.664
14,19.765,3.236,204.664
15,19.765,3.334,204.664
16,19.765,3.432,204.664
17,19.765,3.53,204.664
18,19.765,3.628,204.664
19,19.765,3.727,204.664
20,19.765,3.825,204.664
21,19.765,3.923,204.664
22,19.765,4.021,204.664
23,19.765,4.217,204.664
24,19.765,4.315,204.664
25,19.866,4.517,204.932
26,19.866,4.713,204.932
27,19.866,4.812,204.932
28,19.866,4.91,204.932
29,19.866,5.008,204.932
30,19.866,5.106,204.932
31,19.866,5.204,204.932
32,19.866,5.303,204.932
33,19.866,5.401,204.932
34,19.866,5.499,204.932
35,19.866,5.597,204.932
36,19.866,5.695,204.932
37,19.866,5.793,204.932
38,19.866,5.892,204.932
39,19.866,5.99,204.932
40,19.866,6.088,204.932
41,19.866,6.186,204.932
42,19.866,6.383,204.932
43,19.966,6.391,205.201
44,19.966,6.489,205.201
45,19.966,6.686,205.201
46,19.966,6.784,205.201
47,19.966,6.981,205.201
48,19.966,7.079,205.201
49,19.966,7.178,205.201
50,19.966,7.276,205.201
51,19.966,7.374,205.201
52,19.966,7.473,205.201
53,19.966,7.571,205.201
54,19.966,7.669,205.201
55,19.966,7.768,205.201
56,19.966,7.866,205.201
57,19.966,7.964,205.201
58,19.966,8.063,205.201
59,19.966,8.161,205.201
60,19.966,8.259,205.201
61,19.966,8.357,205.201
62,19.966,8.456,205.201
63,19.966,8.554,205.201
64,19.966,8.652,205.201
65,19.966,8.849,205.201
66,20.068,8.959,205.47
67,20.068,9.156,205.47
68,20.068,9.255,205.47
69,20.068,9.353,205.47
70,20.068,9.451,205.47
71,20.068,9.55,205.47
72,20.068,9.648,205.47
73,20.068,9.747,205.47
74,20.068,9.845,205.47
75,20.068,9.944,205.47
76,20.068,10.042,205.47
77,20.068,10.141,205.47
78,20.068,10.338,205.47
79,20.169,10.548,205.74
80,20.169,10.844,205.74
81,20.169,11.041,205.74
82,20.169,11.14,205.74
83,20.169,11.238,205.74
84,20.169,11.337,205.74
85,20.169,11.435,205.74
86,20.169,11.534,205.74
87,20.169,11.633,205.74
88,20.169,11.731,205.74
89,20.169,11.83,205.74
90,20.169,11.928,205.74
91,20.169,12.126,205.74
92,20.169,12.323,205.74
93,20.27,12.438,206.011
94,20.27,12.635,206.011
95,20.27,12.734,206.011
96,20.27,12.833,206.011
97,20.27,12.931,206.011
98,20.27,13.03,206.011
99,20.27,13.129,206.011
100,20.27,13.227,206.011
101,20.27,13.326,206.011
102,20.27,13.425,206.011
103,20.27,13.523,206.011
104,20.27,13.622,206.011
105,20.27,13.721,206.011
106,20.27,13.82,206.011
107,20.27,13.918,206.011
108,20.27,14.017,206.011
109,20.27,14.116,206.011
110,20.27,14.214,206.011
111,20.27,14.313,206.011
112,20.372,14.431,206.283
113,20.372,14.53,206.283
114,20.372,14.629,206.283
115,20.372,14.826,206.283
116,20.372,14.925,206.283
117,20.372,15.024,206.283
118,20.372,15.222,206.283
119,20.372,15.419,206.283
120,20.474,15.539,206.555
121,20.474,15.638,206.555
122,20.474,15.836,206.555
123,20.372,15.914,206.283
124,20.372,16.111,206.283
125,20.372,16.21,206.283
126,20.372,16.408,206.283
127,20.372,16.507,206.283
128,20.372,16.605,206.283
129,20.372,16.704,206.283
130,20.372,16.803,206.283
131,20.372,16.902,206.283
132,20.372,17.1,206.283
133,20.474,17.221,206.555
134,20.474,17.32,206.555
135,20.474,17.419,206.555
136,20.474,17.518,206.555
137,20.474,17.617,206.555
138,20.474,17.716,206.555
139,20.474,17.815,206.555
140,20.474,17.914,206.555
141,20.474,18.013,206.555
142,20.474,18.112,206.555
143,20.474,18.211,206.555
144,20.474,18.31,206.555
145,20.474,18.409,206.555
146,20.474,18.508,206.555
147,20.474,18.607,206.555
148,20.474,18.706,206.555
149,20.474,18.805,206.555
150,20.474,18.904,206.555
151,20.474,19.003,206.555
152,20.577,19.127,206.828
153,20.577,19.226,206.828
154,20.577,19.325,206.828
155,20.577,19.424,206.828
156,20.577,19.523,206.828
157,20.577,19.721,206.828
158,20.577,19.821,206.828
159,20.577,19.92,206.828
160,20.577,20.019,206.828
161,20.577,20.118,206.828
162,20.577,20.217,206.828
163,20.577,20.316,206.828
164,20.577,20.415,206.828
165,20.577,20.514,206.828
166,20.577,20.713,206.828
167,20.474,20.883,206.555
168,20.474,21.18,206.555
169,20.474,21.477,206.555
170,20.474,21.576,206.555
171,20.577,21.704,206.828
172,20.577,21.803,206.828
173,20.474,22.071,206.555
174,20.474,22.368,206.555
175,20.577,22.595,206.828
176,20.577,22.893,206.828
177,20.577,22.992,206.828
178,20.577,23.091,206.828
179,20.679,23.419,207.101
180,20.679,23.717,207.101
181,20.679,23.816,207.101
182,20.679,23.915,207.101
183,20.679,24.015,207.101
184,20.679,24.114,207.101
185,20.679,24.213,207.101
186,20.679,24.312,207.101
187,20.679,24.412,207.101
188,20.679,24.511,207.101
189,20.679,24.61,207.101
190,20.782,24.841,207.376
191,20.782,24.941,207.376
192,20.782,25.04,207.376
193,20.885,25.073,207.651
194,20.885,25.173,207.651
195,20.885,25.372,207.651
196,20.885,25.471,207.651
197,20.885,25.571,207.651
198,20.885,25.67,207.651
199,20.885,25.77,207.651
200,20.885,25.869,207.651
201,20.885,25.969,207.651
202,20.885,26.068,207.651
203,20.885,26.168,207.651
204,20.885,26.267,207.651
205,20.782,26.332,207.376
206,20.782,26.531,207.376
207,20.782,26.63,207.376
208,20.885,26.765,207.651
209,20.885,26.864,207.651
210,20.885,26.964,207.651
211,20.885,27.063,207.651
212,20.885,27.163,207.651
213,20.885,27.262,207.651
214,20.885,27.362,207.651
215,20.885,27.461,207.651
216,20.885,27.561,207.651
217,20.885,27.66,207.651
218,20.885,27.76,207.651
219,20.885,27.859,207.651
220,20.885,27.959,207.651
221,20.885,28.058,207.651
222,20.885,28.158,207.651
223,20.885,28.257,207.651
224,20.885,28.357,207.651
225,20.885,28.456,207.651
226,20.885,28.556,207.651
227,20.885,28.755,207.651
228,20.989,28.992,207.927
229,20.989,29.291,207.927
230,20.989,29.49,207.927
231,20.989,29.59,207.927
232,20.989,29.69,207.927
233,20.989,29.789,207.927
234,20.989,29.889,207.927
235,20.989,29.988,207.927
236,20.989,30.088,207.927
237,20.989,30.188,207.927
238,20.989,30.287,207.927
239,20.989,30.387,207.927
240,20.989,30.487,207.927
241,20.989,30.586,207.927
242,20.989,30.686,207.927
243,20.989,30.786,207.927
244,20.989,30.885,207.927
245,20.989,30.985,207.927
246,20.989,31.184,207.927
247,20.989,31.284,207.927
248,21.093,31.425,208.203
249,21.093,31.625,208.203
250,21.093,31.824,208.203
251,21.093,31.924,208.203
252,21.197,31.966,208.481
253,21.197,32.066,208.481
254,21.197,32.166,208.481
255,21.197,32.266,208.481
256,21.197,32.366,208.481
257,21.197,32.466,208.481
258,21.197,32.566,208.481
259,21.197,32.666,208.481
260,21.197,32.766,208.481
261,21.197,32.865,208.481
262,21.197,32.965,208.481
263,21.197,33.065,208.481
264,21.197,33.165,208.481
265,21.197,33.265,208.481
266,21.197,33.365,208.481
267,21.197,33.465,208.481
268,21.197,33.565,208.481
269,21.301,33.609,208.759
270,21.301,33.709,208.759
271,21.301,33.91,208.759
272,21.301,34.11,208.759
273,21.301,34.21,208.759
274,21.301,34.31,208.759
275,21.301,34.41,208.759
276,21.301,34.51,208.759
277,21.301,34.61,208.759
278,21.301,34.71,208.759
279,21.301,34.81,208.759
280,21.301,34.91,208.759
281,21.301,35.01,208.759
282,21.301,35.11,208.759
283,21.301,35.21,208.759
284,21.301,35.31,208.759
285,21.301,35.41,208.759
286,21.301,35.51,208.759
287,21.301,35.61,208.759
288,21.301,35.71,208.759
289,21.301,35.81,208.759
290,21.301,35.91,208.759
291,21.301,36.01,208.759
292,21.301,36.11,208.759
293,21.301,36.31,208.759
294,21.405,36.359,209.037
295,21.405,36.759,209.037
296,21.405,36.86,209.037
297,21.405,36.96,209.037
298,21.405,37.06,209.037
299,21.405,37.16,209.037
300,21.405,37.26,209.037
301,21.405,37.36,209.037
302,21.405,37.46,209.037
303,21.405,37.561,209.037
304,21.405,37.661,209.037
305,21.405,37.761,209.037
306,21.405,37.861,209.037
307,21.405,37.961,209.037
308,21.405,38.061,209.037
309,21.405,38.162,209.037
310,21.405,38.262,209.037
311,21.405,38.362,209.037
312,21.405,38.462,209.037
313,21.405,38.562,209.037
314,21.405,38.662,209.037
315,21.405,38.763,209.037
316,21.405,38.863,209.037
317,21.405,38.963,209.037
318,21.405,39.063,209.037
319,21.405,39.163,209.037
320,21.405,39.364,209.037
321,21.405,39.464,209.037
